388597456
557469216
557469202
557469188
557469174
557469160
557469146
557469132
557469118
557469104
557469090
557469076
557469062
557469048
557469034
557469020
557469006
557468992
557468978
557468964
557468950
557468936
557468922
557468908
557468894
557468880
557468866
557468852
557468838
557468824
557468810
557468796
557468782
557468768
557468754
557468740
557468726
557468712
557468698
557468684
557468670
557468656
557468642
557468628
557468614
557468600
557468586
557468572
557468558
557468544
557468530
557468516
557468502
557468488
557468474
557468460
557468446
557468432
557468418
557468404
557468390
557468376
557468362
557468348
557468334
557468320
557468306
557468292
557468278
557468264
557468250
557468236
557468222
557468208
557468194
557468180
557161781
556571580
555297979
484358521
484358520
550600859
550600845
550600831
557637846
557468166
557468152
557468138
557468124
557468110
557468096
557468082
557468068
557468054
557468040
557468026
557468012
557467998
557467984
557467970
557467956
557467942
557467928
557467914
557467900
557467886
557467872
557467858
557467844
557467830
557467816
557467802
557467788
557467774
557467760
557467746
557467732
557467718
557467704
557467690
557467676
557467662
557467648
557467634
557467620
557467606
557467592
557467578
557467564
557467550
557467536
557467522
557467508
557467494
557467480
557467466
557467452
557467438
557467424
557467410
557467396
557467382
557467368
557467354
557467340
557467326
557467312
557467298
557467284
557467270
557467256
557467242
557467228
557467214
557467200
557467186
557467172
557467158
557467144
557467130
557467116
557467102
557467088
557467074
557467060
557467046
557467032
557467018
557467004
557466990
557466976
557466962
557466948
557466934
557466920
557466906
557466892
557466878
557466864
557466850
557466836
557466822
557466808
557466794
557466780
557466766
557466752
557466738
557466724
557466710
557466696
557466682
557466668
557466654
557466640
557466626
557466612
557466598
557466584
557466570
557466556
557466542
557466528
557466500
557466486
557466472
557466458
557466444
557466430
557466416
557466402
557466388
557466374
557466360
557466346
557466332
557466318
557466304
557466290
557466276
557466262
557466248
557466234
557466220
557466206
557466192
557466178
557466164
557466150
557466136
557466122
557466108
557466094
557466080
557466066
557466052
557466038
557466024
557466010
557465996
557465982
557465968
557465954
557465940
557465926
557465912
557465884
557465870
557465856
557465842
557465828
557465814
557465800
557465786
557465772
557465758
557465744
557465730
557465716
557465702
557465688
557465674
557465660
557465646
557465632
557465618
557465604
557465590
557465576
557465548
557465534
557465520
557465506
557465492
557465478
557465464
557465450
557465436
557465422
557465408
557465394
557465380
557465366
557465352
557465338
557465324
557465310
557465296
557465282
557465268
557465254
557465240
557465226
557465212
557465198
557465184
557465156
557465142
557465128
557465114
557465100
557465086
557465072
557465058
557465044
557465030
557465016
557465002
557464988
557464974
557464960
557464946
557464932
557464918
557464904
557464890
557464876
557464862
557464848
557464834
557464820
557464806
557464792
557464778
557464764
557464750
557464736
557464722
557464708
557464694
557464680
557464666
557464652
557464638
557464624
557464610
557464596
557464582
557464568
557464554
557464540
557464526
557464512
557464498
557464484
557464470
557464456
557464442
557464428
557464414
557464400
557464386
557464372
557464358
557464344
557464330
557464316
557464302
557464288
557464274
557464260
557464246
557464232
557464218
557464204
557464190
557464176
557464162
557464148
557464134
557464120
557464092
557464078
557464064
557464050
557464036
557464022
557464008
557463994
557463980
557463966
557463952
557463938
557463924
557463910
557463896
557463882
557463868
557463854
557463840
557463826
557463798
557463784
557463770
557463756
557463742
557463728
557463714
557463700
557463686
557463672
557463658
557463644
557463630
557463616
557463602
557463588
557463574
557463546
557463532
557463518
557463504
557463490
557463476
557463462
557463448
557463434
557463420
557463406
557463392
557463364
557463350
557463336
557463322
557463308
557463294
557463280
557463266
557463252
557463238
557463224
557463210
557463196
557463182
557463168
557463154
557463140
557463126
557463112
557463098
557463084
557463070
557463056
557463042
557463028
557463014
557463000
557462986
557462972
557462958
557462944
557462930
557462916
557462888
557462874
557462860
557462846
557462832
557462818
557462804
557462790
557462776
557462762
557462748
557462720
557462706
557462692
557462664
557462650
557462636
557462622
557462608
557462594
557462580
557462566
557462552
557462538
557462524
557462510
557462496
557462482
557462468
557462454
557462440
557462426
557462412
557462384
557462370
557462356
557462328
557462300
557462286
557462272
557462258
557462230
557462216
557462202
557462188
557462174
557462160
557462146
557462132
557462118
557462104
557462090
557462076
557462062
557462048
557462034
557462020
557462006
557461992
557461978
557461964
557461950
557461936
557461922
557461908
557461894
557461880
557461866
557461852
557461838
557461824
557461810
557461796
557461782
557461768
557461754
557461740
557461726
557461712
557461698
557461684
557461670
557461656
557461642
557461628
557461614
557461600
557461586
557461572
557461558
557461544
557461530
557461516
557461502
557461488
557461474
557461460
557461446
557461432
557461418
557461404
557461390
557461376
557461362
557461348
557461334
557461320
557461306
557461292
557461278
557461264
557461250
557461236
557461222
557461208
557461194
557461180
557461166
557461152
557461138
557461124
557461110
557461096
557461082
557461068
557461054
557461040
557461026
557461012
557460998
557460984
557460970
557460956
557460942
557460928
557460914
557460900
557460886
557460872
557460844
557460830
556699179
556699165
556699151
556699137
556699123
556699109
556699095
556571721
556562832
555663486
554792415
530852430
552954731
552954730
552954729
552954728
552954727
552954726
552954725
552954724
552954723
552954722
552954721
552954720
552954719
552099762
552099634
552099583
552099544
552099495
552099448
552099394
552099346
530847414
530847400
530847372
530847358
530847344
530847316
530847288
530847274
530847260
530847218
530847204
530847190
530847176
530847162
530847148
530847134
530847120
530847106
530847078
530847064
530847050
549518487
549518473
549518459
549518445
549518431
549518417
550796894
528748372
549512755
410065171
410065157
410065143
410065129
410065115
410065101
410065087
410065073
410065059
410065045
410065031
410065017
410065003
410064989
410064975
410064961
410064947
410064933
410064919
410064905
410064891
410064877
410064863
410064849
410064835
410064821
410064807
410064793
410064779
410064765
410064751
410064737
410064723
410064709
410064695
410064681
410064667
410064653
410064639
410064625
410064611
410064597
410064583
410064569
410064555
410064541
410064527
410064513
410064499
410064485
410064471
410064457
410064443
410064429
410064415
410064401
410064387
410064373
410064359
410064345
410064331
410064317
410064303
410064289
410064275
410064261
410064247
410064233
410064219
410064205
410064191
410064177
410064163
410064149
410064135
410064121
410064107
410064093
410064079
410064065
410064051
410064037
410064023
410064009
410063995
410063981
410063967
410063953
410063939
410063925
410063911
410063897
410063883
410063869
410063855
410063841
410063827
410063813
410063799
410063785
410063771
410063757
410063743
410063729
410063715
410063701
410063687
410063673
410063659
410063645
410063631
410063617
410063603
410063589
410063575
410063561
410063547
410063533
410063519
410063505
410063491
410063477
410063463
410063449
410063435
410063421
410063407
410063393
410063379
410063365
410063351
410063337
410063323
410063309
410063295
410063281
410063267
410063253
410063239
410063225
410063211
410063197
410063183
410063169
410063155
410063141
410063127
410063113
410063099
410063085
410063071
410063057
410063043
410063029
410063015
410063001
410062987
410062973
410062959
410062945
410062931
410062917
410062903
410062889
410062875
410062861
410062847
410062833
410062819
410062805
410062791
410062777
410062763
410062749
410062735
410062721
410062707
410062693
410062679
410062665
410062651
410062637
410062623
410062609
410062595
410062581
410062567
410062553
410062539
410062525
410062511
410062497
410062483
410062469
410062455
410062441
410062427
410062413
410062399
410062385
410062371
410062357
410062343
410062329
410062315
410062301
410062287
410062273
410062259
410062231
410062217
410062203
410062189
410062175
410062161
410062147
410062133
410062119
410062105
410062091
410062077
410062063
410062049
410062035
410062021
410062007
410061993
410061979
410061965
410061951
410061937
410061923
410061909
410061895
410061881
410061867
410061853
410061839
410061825
410061811
410061797
410061783
410061769
410061755
410061741
410061727
410061713
410061699
410061685
410061671
410061657
410061643
410061629
410061615
410061601
410061587
410061573
410061559
410061545
410061531
410061517
410061503
410061489
410061475
410061461
410061447
410061433
410061419
410061405
410061391
410061377
410061363
410061349
410061335
410061321
410061307
557817363
557639938
557470083
557469694
557469680
555943986
555298105
554792645
411101050
411101049
411101052
411101051
411101046
411101047
411101045
411101044
411101043
411101042
411101041
411101040
411101039
411101033
411101032
411101031
411101030
411101029
555298219
555947659
554893790
554893796
554893792
554893793
554893791
554893797
554893789
554893788
554893786
554893787
554893784
554893785
554893783
554793112
554792621
556503265
555289356
555289355
459167091
452850254
452850253
452850252
452850251
452850250
452850249
452850248
452850247
452850246
452850245
452850244
452850243
552954388
550600882
550600737
550600253
545778191
550533613
551682926
551682925
