1002900
10036
10090
102107
1048536
1070859
1086585
1098914
1105033
1105173
11053
11060
11069
11070
11072
11077
11079
11080
11082
11083
11084
11086
11089
11094
1120765
1150115
1150116
1150860
1207926
1231621
1244563
12637
1399582
1429999
1445557
1456752
1534467
1534468
1566298
164416
1653304
1691889
172148
1879016
1890418
1903340
1903341
1963247
1969399
1969400
202946
2045185
2045186
218849
227155
227156
227157
227158
246753
283795
284997
284998
284999
285000
28526
307044
32630
34305
35279
3694
38837
390844
390845
40004
40012
4006
406269
4081
41408
431665
431666
431667
431668
44024
44025
44026
44027
449277
449279
478577
504472
5681
57078
577122
5854
59563
598672
598673
598674
598675
631267
637853
638787
64280
64283
64284
64285
64286
64287
64290
64291
64292
64293
64294
64295
64296
64297
64304
64305
64306
64307
64308
64310
64312
64313
643132
64314
64319
64320
649187
667516
673515
72004
7739
7962
8128
9244
93923
941339
941340
9598
9601
9606
985683
99158
